- Epoch: 0150, Step: 0007, cost: 0.0619631, accuracy: 099%
Epoch: 0150, avg_cost: 0.0670159
Model saved in file: ./data_model1/save\model.ckpt
begin:  2019-10-08_08-29-00
end:  2019-10-08_09-00-01

R1: 0/0, accuracy: nan%
R2: 39/41, accuracy: 95.12%
S3: 99/105, accuracy: 94.29%
L4: 54/65, accuracy: 83.08%
L5: 0/0, accuracy: nan%
Total: 192/211, accuracy: 91.00%